9264
1984
7820
53
6198
7167
8229
8676
5055
687
5512
211
2836
215
750
8571
391
4417
9348
3522
4724
9385
5005
8374
8674
148
2181
8441
7817
9803
3861
1097
6606
9426
9746
9018
6410
3017
3104
1714
2441
2399
7204
8352
1006
2014
3560
7898
3251
2519
6967
1922
9773
219
8984
4437
2655
8947
1191
2880
7973
4780
5694
943
177
2306
4916
8819
4035
9800
8972
7134
8416
594
510
654
8069
5727
6178
5652
1141
918
8744
4401
5582
2459
5333
6684
4458
8462
8952
6082
7122
6401
9723
2810
6604
516
6501
1572
3461
191
5500
1165
8425
2779
9048
2385
7343
7469
7170
1518
9746
1840
9371
1969
6762
542
7833
3936
8810
6283
6812
2259
7106
6750
8847
4688
5476
3948
5546
2641
3379
2019
8564
7779
8520
4368
694
8878
4687
8125
2747
1324
6638
6570
9907
6984
4565
5847
9831
9333
7776
6748
3975
8456
7770
2742
6094
7026
9964
6190
4487
5614
2243
4102
5145
5460
8544
2819
9294
2311
5448
7346
7009
6769
5100
1657
4790
2505
2515
2987
4163
3854
4003
7318
7724
7939
9166
8269
4093
9815
4713
6877
3104
5904
9528
5807
1150
7459
5461
4073
1554
3458
96
3009
6105
642
3424
3743
9478
1880
6056
3549
6226
4240
6628
1534
4336
5690
4178
9192
2079
9441
3758
1823
6024
73
166
3071
2231
3717
2860
7814
9191
9138
6586
2540
5302
8963
7727
2401
4216
4153
872
4401
8807
783
906
2790
6967
7808
7035
3818
3896
5413
3824
166
9141
6367
3025
7212
1049
2749
5065
2190
3553
8155
2234
8074
9852
6855
7533
2403
9375
1585
7927
7916
1830
2222
8615
6595
4229
3145
4939
3527
9068
4167
8466
3768
8393
5557
797
202
5767
4128
2143
7493
5364
369
6100
5228
1600
6755
7709
3864
5969
162
825
5937
467
1458
6639
5401
2093
6969
4776
8884
3920
6506
5017
5383
1112
3935
8398
7308
4053
8226
1155
4703
5187
4120
5339
3833
1141
6699
4804
326
448
3298
9890
3781
7907
8367
3767
7451
3781
8612
5508
7652
9415
5651
489
1912
680
273
5480
1622
3847
3974
4776
9216
899
436
7477
5106
7487
2834
9861
9856
6561
7444
1270
3515
9321
6952
9170
7135
271
8575
5780
4780
2693
1621
8389
895
6443
336
287
2301
7746
5521
1571
3339
7640
2074
421
2541
4354
7421
9285
1513
4200
2780
2761
1735
7785
7970
6405
7720
1504
2188
3565
5103
9790
1766
9217
9376
3303
766
4791
2932
8617
8791
9991
1958
6534
4621
31
5597
4771
111
295
7543
4360
9470
191
270
6808
6704
980
2761
9963
1921
881
8962
8535
5736
4450
7903
1150
7009
4004
2671
5440
8828
8617
3316
2368
801
3799
8983
3124
6605
9024
6332
7447
8046
1340
2323
3049
7032
610
4488
4134
5297
2582
9592
8035
5791
7852
416
9380
9660
3739
211
1067
3267
124
7688
860
6714
5601
1918
2956
3291
1315
1229
9575
7249
5828
1547
6464
6299
8228
2615
3395
7808
2782
5317
1047
8720
5810
7511
3967
5667
3486
5108
3855
6720
9605
9159
9468
3980
210
8519
1244
8317
2645
8110
4925
6809
4555
6553
3473
1776
5789
7435
903
9683
7247
8926
5637
6735
409
183
2433
5386
9634
7348
9583
345
1207
8117
7797
299
1708
4517
202
6886
6153
3523
1500
8636
6742
1873
8369
2505
833
5224
6278
8460
5180
9958
8915
112
4228
3174
8559
4357
971
2522
7936
9488
71
8742
6954
4972
8708
4156
2857
7451
612
8752
1178
3885
4759
7320
8691
4619
9382
5090
9667
7313
8856
9842
1812
4086
6120
806
5933
1881
5470
7927
5748
4889
7049
1550
8625
7297
7374
1665
733
8607
9338
3641
1273
1136
7507
1777
8027
1929
6989
3677
3988
6468
8073
9685
5933
3029
4120
4060
8527
6200
7597
2401
8465
8186
7904
8353
3788
1824
8414
7367
3435
407
6334
3506
3230
5865
6047
6337
1710
2809
4253
5773
3947
4843
3378
1987
4160
7123
4745
2973
2824
952
8669
2619
6474
1909
9760
9571
9520
3772
8104
6611
4918
5559
6900
3103
7293
7501
7901
1995
8175
5996
9655
4662
413
8425
3175
5009
5219
7122
4142
267
6973
8220
435
410
7892
1086
2974
2072
9089
2121
3537
6984
8962
5858
1953
7459
7002
3998
7138
1028
6050
8921
3218
2028
7229
8050
3259
4578
106
1623
3612
7483
7842
1096
9937
8305
1633
4747
3902
2068
8114
9356
6235
7402
8499
6750
7625
4100
8856
9538
419
1294
6779
9666
6544
5714
7713
4747
3876
5035
6119
661
2518
7057
2395
4609
3964
7861
1528
910
5795
1370
3337
6983
9179
8190
622
5356
9519
4020
860
9740
9762
5040
9327
1324
965
686
6427
8118
8261
6671
1952
5457
3809
6768
620
8041
7481
3641
7066
6891
4242
4928
968
416
3142
4919
854
6515
7784
536
698
10000
3989
619
545
8234
1142
2434
3344
537
4242
5010
6600
5311
7744
2846
1832
6438
1642
785
7900
5800
8030
5496
1300
4217
6302
5946
2159
3221
9415
1349
6566
3106
5118
6965
5733
1905
1350
4531
5172
8839
7199
6585
3924
6178
1880
5566
6180
8090
3093
946
4979
6582
5372
7703
6544
6712
3305
5466
8750
1558
1505
4701
8451
5510
9667
1794
3920
5989
4522
1206
8938
2772
9856
2087
5622
2751
1149
7971
9524
6747
2845
7343
18
9324
2975
4657
2226
1312
5705
5803
1798
9916
8889
1717
7479
993
1382
2677
6980
5658
3846
541
984
9188
4249
8593
9860
7626
5954
8851
7164
5084
5493
9005
6078
7740
7644
3130
8156
4502
99
6978
75
1737
8276
4593
6772
3925
9821
1730
4423
371
3597
941
9152
3803
526
2938
6418
2214
6715
9904
8239
6674
8963
3311
5658
5979
6134
3990
3779
1356
8460
6450
2369
930
6773
9892
7551
8168
2939
462
9309
8468
4419
6202
3095
3294
6163
2278
4786
152
4669
2448
9794
975
4585
9481
5306
861
